jails:
  bedrock:
    world: 14775eb2-6faa-4c0f-9f1b-20382e2490be
    world-name: world
    x: -15.518310979728527
    y: 316.0
    z: -47.517255846009604
    yaw: -151.34043884277344
    pitch: 89.9457015991211
