spawns:
  default:
    world: 14775eb2-6faa-4c0f-9f1b-20382e2490be
    world-name: world
    x: -15.5
    y: 75.0
    z: -47.5
    yaw: -1.031649112701416
    pitch: -2.8461556434631348
